======= start of run =======
Disassembler faults total:193
type    instruction
        imm     rs2     rs1     fun     rd      opcode
        imm             rs1     fun     rd      opcode
        imm     rs2     rs1     fun     imm     opcode
        imm                             rd      opcode
 
Dfault	0000000	00000	00000	010	00000	0000001
Dfault	0000000	00000	00000	011	00000	0000001
Dfault	0000000	00000	00000	100	00000	0000010
Dfault	0000000	00000	00000	101	00000	0000010
Dfault	0000000	00000	00000	110	00000	0000010
Dfault	0000000	00000	00000	111	00000	0000010
Dfault	0000000	00000	00001	000	00000	0000010
Dfault	0000000	00000	00000	010	00000	0000101
Dfault	0000000	00000	00000	011	00000	0000101
Dfault	0000000	00000	00000	100	00000	0000110
Dfault	0000000	00000	00000	101	00000	0000110
Dfault	0000000	00000	00000	110	00000	0000110
Dfault	0000000	00000	00000	111	00000	0000110
Dfault	0000000	00000	00000	010	00000	0001001
Dfault	0000000	00000	00000	011	00000	0001001
Dfault	0000000	00000	00000	100	00000	0001010
Dfault	0000000	00000	00000	101	00000	0001010
Dfault	0000000	00000	00000	110	00000	0001010
Dfault	0000000	00000	00000	111	00000	0001010
Dfault	0000000	00000	00000	010	00000	0001101
Dfault	0000000	00000	00000	011	00000	0001101
Dfault	0000000	00000	00000	100	00000	0001110
Dfault	0000000	00000	00000	101	00000	0001110
Dfault	0000000	00000	00000	110	00000	0001110
Dfault	0000000	00000	00000	111	00000	0001110
Dfault	0000000	00000	00000	010	00000	0010001
Dfault	0000000	00000	00000	011	00000	0010001
Dfault	0000000	00000	00000	100	00000	0010010
Dfault	0000000	00000	00000	101	00000	0010010
Dfault	0000000	00000	00000	110	00000	0010010
Dfault	0000000	00000	00000	111	00000	0010010
Dfault	0000000	00000	00000	010	00000	0010101
Dfault	0000000	00000	00000	011	00000	0010101
Dfault	0000000	00000	00000	100	00000	0010110
Dfault	0000000	00000	00000	101	00000	0010110
Dfault	0000000	00000	00000	110	00000	0010110
Dfault	0000000	00000	00000	111	00000	0010110
Dfault	0000000	00000	00000	010	00000	0011001
Dfault	0000000	00000	00000	011	00000	0011001
Dfault	0000000	00000	00000	100	00000	0011010
Dfault	0000000	00000	00000	101	00000	0011010
Dfault	0000000	00000	00000	110	00000	0011010
Dfault	0000000	00000	00000	111	00000	0011010
Dfault	0000000	00000	00000	010	00000	0011101
Dfault	0000000	00000	00000	011	00000	0011101
Dfault	0000000	00000	00000	100	00000	0011110
Dfault	0000000	00000	00000	101	00000	0011110
Dfault	0000000	00000	00000	110	00000	0011110
Dfault	0000000	00000	00000	111	00000	0011110
Dfault	0000000	00000	00000	010	00000	0100001
Dfault	0000000	00000	00000	011	00000	0100001
Dfault	0000000	00000	00000	100	00000	0100010
Dfault	0000000	00000	00000	101	00000	0100010
Dfault	0000000	00000	00000	110	00000	0100010
Dfault	0000000	00000	00000	111	00000	0100010
Dfault	0000000	00000	00000	010	00000	0100101
Dfault	0000000	00000	00000	011	00000	0100101
Dfault	0000000	00000	00000	100	00000	0100110
Dfault	0000000	00000	00000	101	00000	0100110
Dfault	0000000	00000	00000	110	00000	0100110
Dfault	0000000	00000	00000	111	00000	0100110
Dfault	0000000	00000	00000	010	00000	0101001
Dfault	0000000	00000	00000	011	00000	0101001
Dfault	0000000	00000	00000	100	00000	0101010
Dfault	0000000	00000	00000	101	00000	0101010
Dfault	0000000	00000	00000	110	00000	0101010
Dfault	0000000	00000	00000	111	00000	0101010
Dfault	0000000	00000	00000	010	00000	0101101
Dfault	0000000	00000	00000	011	00000	0101101
Dfault	0000000	00000	00000	100	00000	0101110
Dfault	0000000	00000	00000	101	00000	0101110
Dfault	0000000	00000	00000	110	00000	0101110
Dfault	0000000	00000	00000	111	00000	0101110
Dfault	0000000	00000	00000	010	00000	0110001
Dfault	0000000	00000	00000	011	00000	0110001
Dfault	0000000	00000	00000	100	00000	0110010
Dfault	0000000	00000	00000	101	00000	0110010
Dfault	0000000	00000	00000	110	00000	0110010
Dfault	0000000	00000	00000	111	00000	0110010
Dfault	0000000	00000	00000	010	00000	0110101
Dfault	0000000	00000	00000	011	00000	0110101
Dfault	0000000	00000	00000	100	00000	0110110
Dfault	0000000	00000	00000	101	00000	0110110
Dfault	0000000	00000	00000	110	00000	0110110
Dfault	0000000	00000	00000	111	00000	0110110
Dfault	0000000	00000	00000	010	00000	0111001
Dfault	0000000	00000	00000	011	00000	0111001
Dfault	0000000	00000	00000	100	00000	0111010
Dfault	0000000	00000	00000	101	00000	0111010
Dfault	0000000	00000	00000	110	00000	0111010
Dfault	0000000	00000	00000	111	00000	0111010
Dfault	0000000	00000	00000	010	00000	0111101
Dfault	0000000	00000	00000	011	00000	0111101
Dfault	0000000	00000	00000	100	00000	0111110
Dfault	0000000	00000	00000	101	00000	0111110
Dfault	0000000	00000	00000	110	00000	0111110
Dfault	0000000	00000	00000	111	00000	0111110
Dfault	0000000	00000	00000	010	00000	1000001
Dfault	0000000	00000	00000	011	00000	1000001
Dfault	0000000	00000	00000	100	00000	1000010
Dfault	0000000	00000	00000	101	00000	1000010
Dfault	0000000	00000	00000	110	00000	1000010
Dfault	0000000	00000	00000	111	00000	1000010
Dfault	0000000	00000	00000	010	00000	1000101
Dfault	0000000	00000	00000	011	00000	1000101
Dfault	0000000	00000	00000	100	00000	1000110
Dfault	0000000	00000	00000	101	00000	1000110
Dfault	0000000	00000	00000	110	00000	1000110
Dfault	0000000	00000	00000	111	00000	1000110
Dfault	0000000	00000	00000	010	00000	1001001
Dfault	0000000	00000	00000	011	00000	1001001
Dfault	0000000	00000	00000	100	00000	1001010
Dfault	0000000	00000	00000	101	00000	1001010
Dfault	0000000	00000	00000	110	00000	1001010
Dfault	0000000	00000	00000	111	00000	1001010
Dfault	0000000	00000	00000	010	00000	1001101
Dfault	0000000	00000	00000	011	00000	1001101
Dfault	0000000	00000	00000	100	00000	1001110
Dfault	0000000	00000	00000	101	00000	1001110
Dfault	0000000	00000	00000	110	00000	1001110
Dfault	0000000	00000	00000	111	00000	1001110
Dfault	0000000	00000	00000	010	00000	1010001
Dfault	0000000	00000	00000	011	00000	1010001
Dfault	0000000	00000	00000	100	00000	1010010
Dfault	0000000	00000	00000	101	00000	1010010
Dfault	0000000	00000	00000	110	00000	1010010
Dfault	0000000	00000	00000	111	00000	1010010
Dfault	0000000	00000	00000	010	00000	1010101
Dfault	0000000	00000	00000	011	00000	1010101
Dfault	0000000	00000	00000	100	00000	1010110
Dfault	0000000	00000	00000	101	00000	1010110
Dfault	0000000	00000	00000	110	00000	1010110
Dfault	0000000	00000	00000	111	00000	1010110
Dfault	0000000	00000	00000	010	00000	1011001
Dfault	0000000	00000	00000	011	00000	1011001
Dfault	0000000	00000	00000	100	00000	1011010
Dfault	0000000	00000	00000	101	00000	1011010
Dfault	0000000	00000	00000	110	00000	1011010
Dfault	0000000	00000	00000	111	00000	1011010
Dfault	0000000	00000	00000	010	00000	1011101
Dfault	0000000	00000	00000	011	00000	1011101
Dfault	0000000	00000	00000	100	00000	1011110
Dfault	0000000	00000	00000	101	00000	1011110
Dfault	0000000	00000	00000	110	00000	1011110
Dfault	0000000	00000	00000	111	00000	1011110
Dfault	0000000	00000	00000	010	00000	1100001
Dfault	0000000	00000	00000	011	00000	1100001
Dfault	0000000	00000	00000	100	00000	1100010
Dfault	0000000	00000	00000	101	00000	1100010
Dfault	0000000	00000	00000	110	00000	1100010
Dfault	0000000	00000	00000	111	00000	1100010
Dfault	0000000	00000	00000	010	00000	1100101
Dfault	0000000	00000	00000	011	00000	1100101
Dfault	0000000	00000	00000	100	00000	1100110
Dfault	0000000	00000	00000	101	00000	1100110
Dfault	0000000	00000	00000	110	00000	1100110
Dfault	0000000	00000	00000	111	00000	1100110
Dfault	0000000	00000	00000	010	00000	1101001
Dfault	0000000	00000	00000	011	00000	1101001
Dfault	0000000	00000	00000	100	00000	1101010
Dfault	0000000	00000	00000	101	00000	1101010
Dfault	0000000	00000	00000	110	00000	1101010
Dfault	0000000	00000	00000	111	00000	1101010
Dfault	0000000	00000	00000	010	00000	1101101
Dfault	0000000	00000	00000	011	00000	1101101
Dfault	0000000	00000	00000	100	00000	1101110
Dfault	0000000	00000	00000	101	00000	1101110
Dfault	0000000	00000	00000	110	00000	1101110
Dfault	0000000	00000	00000	111	00000	1101110
Dfault	0000000	00000	00000	010	00000	1110001
Dfault	0000000	00000	00000	011	00000	1110001
Dfault	0000000	00000	00000	100	00000	1110010
Dfault	0000000	00000	00000	101	00000	1110010
Dfault	0000000	00000	00000	110	00000	1110010
Dfault	0000000	00000	00000	111	00000	1110010
Dfault	0000000	00000	00000	010	00000	1110101
Dfault	0000000	00000	00000	011	00000	1110101
Dfault	0000000	00000	00000	100	00000	1110110
Dfault	0000000	00000	00000	101	00000	1110110
Dfault	0000000	00000	00000	110	00000	1110110
Dfault	0000000	00000	00000	111	00000	1110110
Dfault	0000000	00000	00000	010	00000	1111001
Dfault	0000000	00000	00000	011	00000	1111001
Dfault	0000000	00000	00000	100	00000	1111010
Dfault	0000000	00000	00000	101	00000	1111010
Dfault	0000000	00000	00000	110	00000	1111010
Dfault	0000000	00000	00000	111	00000	1111010
Dfault	0000000	00000	00000	010	00000	1111101
Dfault	0000000	00000	00000	011	00000	1111101
Dfault	0000000	00000	00000	100	00000	1111110
Dfault	0000000	00000	00000	101	00000	1111110
Dfault	0000000	00000	00000	110	00000	1111110
Dfault	0000000	00000	00000	111	00000	1111110